scaffold_0      5       0.000000        -0.693147       -0.693147       -0.693147       -15.374639      -15.374639      -15.374639      -15.374639      -15.374639      -15.374639
scaffold_0      6       0.000000        -1.386294       -1.386294       -1.386294       -30.519020      -30.519020      -30.519020      -30.519020      -30.519020      -30.519020
scaffold_0      7       -30.288761      -30.288761      -1.386294       -30.288761      -30.288761      -1.386294       -30.288761      0.000000        -1.386294       -30.288761
scaffold_0      8       -27.986172      -1.386293       -27.986172      -27.986172      0.000000        -1.386293       -1.386293       -27.986172      -27.986172      -27.986172
scaffold_0      9       -27.755912      -1.386292       -27.755912      -27.755912      0.000000        -1.386292       -1.386292       -27.755912      -27.755912      -27.755912
scaffold_0      10      -8.689986       0.000000        -10.076280      -10.076280      -29.821151      -30.514277      -30.514277      -40.590558      -40.590558      -40.590558
scaffold_0      11      -40.827575      -40.827575      -2.079309       -40.827575      -40.827575      -2.079309       -40.827575      0.000000        -2.079309       -40.827575
scaffold_0      12      0.000000        -2.079414       -2.079414       -2.079414       -40.367374      -40.367374      -40.367374      -40.367374      -40.367374      -40.367374
scaffold_0      13      -37.143501      -37.143501      -2.079329       -37.143501      -37.143501      -2.079329       -37.143501      0.000000        -2.079329       -37.143501
scaffold_0      14      -7.768891       -9.155183       0.000000        -9.155183       -36.215578      -27.060396      -36.215578      -26.367301      -27.060396      -36.215578
scaffold_0      15      -39.676597      -39.676597      -2.079414       -39.676597      -39.676597      -2.079414       -39.676597      0.000000        -2.079414       -39.676597
scaffold_0      16      -42.670001      -42.670001      -42.670001      -2.079428       -42.670001      -42.670001      -2.079428       -42.670001      -2.079428       0.000000
scaffold_0      17      0.000000        -2.772586       -2.772586       -2.772586       -60.577518      -60.577518      -60.577518      -60.577518      -60.577518      -60.577518
scaffold_0      18      0.000000        -3.465731       -3.465731       -3.465731       -75.952151      -75.952151      -75.952151      -75.952151      -75.952151      -75.952151
scaffold_0      19      0.000000        -4.158880       -4.158880       -4.158880       -93.168865      -93.168865      -93.168865      -93.168865      -93.168865      -93.168865
scaffold_0      20      0.000000        -4.158881       -4.158881       -4.158881       -92.708349      -92.708349      -92.708349      -92.708349      -92.708349      -92.708349
scaffold_0      21      -11.676275      -15.142009      -15.142009      0.000000        -89.700762      -89.700762      -74.558753      -89.700762      -74.558753      -73.865606
scaffold_0      22      0.000000        -4.158881       -4.158881       -4.158881       -93.399125      -93.399125      -93.399125      -93.399125      -93.399125      -93.399125
scaffold_0      23      -94.780680      -94.780680      -94.780680      -4.158882       -94.780680      -94.780680      -4.158882       -94.780680      -4.158882       0.000000
scaffold_0      24      0.000000        -4.158882       -4.158882       -4.158882       -95.010939      -95.010939      -95.010939      -95.010939      -95.010939      -95.010939
scaffold_0      25      -95.010939      -95.010939      -95.010939      -4.158882       -95.010939      -95.010939      -4.158882       -95.010939      -4.158882       0.000000
scaffold_0      26      -93.629385      -93.629385      -4.158881       -93.629385      -93.629385      -4.158881       -93.629385      0.000000        -4.158881       -93.629385
scaffold_0      27      -95.241197      -95.241197      -4.158882       -95.241197      -95.241197      -4.158882       -95.241197      0.000000        -4.158882       -95.241197
scaffold_0      28      -94.780680      -94.780680      -94.780680      -4.158882       -94.780680      -94.780680      -4.158882       -94.780680      -4.158882       0.000000
scaffold_0      29      -95.010939      -95.010939      -4.158882       -95.010939      -95.010939      -4.158882       -95.010939      0.000000        -4.158882       -95.010939
scaffold_0      30      0.000000        -4.158882       -4.158882       -4.158882       -94.089904      -94.089904      -94.089904      -94.089904      -94.089904      -94.089904
scaffold_0      31      0.000000        -4.852029       -4.852029       -4.852029       -111.306613     -111.306613     -111.306613     -111.306613     -111.306613     -111.306613
scaffold_0      32      -109.234282     -109.234282     -4.852028       -109.234282     -109.234282     -4.852028       -109.234282     0.000000        -4.852028       -109.234282
scaffold_0      33      -110.846095     -4.852029       -110.846095     -110.846095     0.000000        -4.852029       -4.852029       -110.846095     -110.846095     -110.846095
scaffold_0      34      -109.925060     -4.852029       -109.925060     -109.925060     0.000000        -4.852029       -4.852029       -109.925060     -109.925060     -109.925060
scaffold_0      35      0.000000        -4.852029       -4.852029       -4.852029       -111.536871     -111.536871     -111.536871     -111.536871     -111.536871     -111.536871
scaffold_0      36      -111.767130     -111.767130     -4.852029       -111.767130     -111.767130     -4.852029       -111.767130     0.000000        -4.852029       -111.767130
scaffold_0      37      0.000000        -4.852029       -4.852029       -4.852029       -110.846095     -110.846095     -110.846095     -110.846095     -110.846095     -110.846095
scaffold_0      38      -111.997388     -111.997388     -4.852029       -111.997388     -111.997388     -4.852029       -111.997388     0.000000        -4.852029       -111.997388
scaffold_0      39      0.000000        -4.852029       -4.852029       -4.852029       -112.227647     -112.227647     -112.227647     -112.227647     -112.227647     -112.227647
scaffold_0      40      -111.306613     -111.306613     -4.852029       -111.306613     -111.306613     -4.852029       -111.306613     0.000000        -4.852029       -111.306613